0.000000 503.903693
0.020000 600.718028
0.040000 662.250416
0.060000 713.951831
0.080000 733.357738
0.100000 746.506902
0.120000 754.476300
0.140000 775.099610
0.160000 781.486111
0.180000 794.848984
0.200000 793.205198
0.220000 805.856969
0.240000 806.465272
0.260000 816.185287
0.280000 829.487556
0.300000 818.114264
0.320000 823.585803
0.340000 830.570942
0.360000 836.438696
0.380000 838.821903
0.400000 856.743445
0.420000 864.862565
0.440000 849.683621
0.460000 858.645635
0.480000 868.066737
0.500000 879.483880
0.520000 880.131967
0.540000 891.408513
0.560000 892.257756
0.580000 889.223237
0.600000 901.716047
0.620000 898.998523
0.640000 904.727609
0.660000 916.640389
0.680000 917.752284
0.700000 925.584322
0.720000 920.231671
0.740000 935.270282
0.760000 941.018426
0.780000 937.351037
0.800000 946.962893
0.820000 959.371628
0.840000 962.195794
0.860000 959.970989
0.880000 967.747902
0.900000 981.826683
0.920000 983.841940
0.940000 984.765341
0.960000 992.838246
0.980000 999.051507
1.000000 1005.283857
